(kicad_pcb (version 20171130) (host pcbnew "(5.1.5)-2")

  (general
    (thickness 1.6)
    (drawings 14)
    (tracks 598)
    (zones 0)
    (modules 42)
    (nets 64)
  )

  (page A4)
  (title_block
    (title "Self mixing interferometer")
    (date 2017-05-21)
    (rev 1)
    (comment 1 "Author: Alois Kiogora Mbutura")
  )

  (layers
    (0 F.Cu signal)
    (31 B.Cu signal)
    (32 B.Adhes user)
    (33 F.Adhes user)
    (34 B.Paste user)
    (35 F.Paste user)
    (36 B.SilkS user)
    (37 F.SilkS user)
    (38 B.Mask user)
    (39 F.Mask user)
    (40 Dwgs.User user)
    (41 Cmts.User user)
    (42 Eco1.User user)
    (43 Eco2.User user)
    (44 Edge.Cuts user)
    (45 Margin user)
    (46 B.CrtYd user)
    (47 F.CrtYd user)
    (48 B.Fab user)
    (49 F.Fab user hide)
  )

  (setup
    (last_trace_width 0.25)
    (user_trace_width 0.5)
    (user_trace_width 0.8)
    (user_trace_width 1.27)
    (trace_clearance 0.2)
    (zone_clearance 0.508)
    (zone_45_only yes)
    (trace_min 0.1524)
    (via_size 0.8)
    (via_drill 0.4)
    (via_min_size 0.4)
    (via_min_drill 0.3)
    (uvia_size 0.3)
    (uvia_drill 0.1)
    (uvias_allowed no)
    (uvia_min_size 0.2)
    (uvia_min_drill 0.1)
    (edge_width 0.15)
    (segment_width 0.2)
    (pcb_text_width 0.3)
    (pcb_text_size 1.5 1.5)
    (mod_edge_width 0.15)
    (mod_text_size 1 1)
    (mod_text_width 0.15)
    (pad_size 0.3048 0.8128)
    (pad_drill 0)
    (pad_to_mask_clearance 0.07)
    (aux_axis_origin 0 0)
    (visible_elements 7FFFFFFF)
    (pcbplotparams
      (layerselection 0x010f0_ffffffff)
      (usegerberextensions true)
      (usegerberattributes false)
      (usegerberadvancedattributes false)
      (creategerberjobfile false)
      (excludeedgelayer true)
      (linewidth 0.100000)
      (plotframeref false)
      (viasonmask false)
      (mode 1)
      (useauxorigin false)
      (hpglpennumber 1)
      (hpglpenspeed 20)
      (hpglpendiameter 15.000000)
      (psnegative false)
      (psa4output false)
      (plotreference true)
      (plotvalue false)
      (plotinvisibletext false)
      (padsonsilk false)
      (subtractmaskfromsilk false)
      (outputformat 1)
      (mirror false)
      (drillshape 0)
      (scaleselection 1)
      (outputdirectory "gerbers/"))
  )

  (net 0 "")
  (net 1 "Net-(SHIELD1-PadAD5)")
  (net 2 "Net-(SHIELD1-PadAD4)")
  (net 3 "Net-(SHIELD1-PadAD3)")
  (net 4 /A0)
  (net 5 "Net-(SHIELD1-PadAD1)")
  (net 6 "Net-(SHIELD1-PadAD2)")
  (net 7 "Net-(SHIELD1-PadV_IN)")
  (net 8 Earth)
  (net 9 /3v3)
  (net 10 "Net-(SHIELD1-PadRST)")
  (net 11 "Net-(SHIELD1-Pad0)")
  (net 12 "Net-(SHIELD1-Pad1)")
  (net 13 /ADDR2)
  (net 14 /ADDR1)
  (net 15 /ADDR0)
  (net 16 /~laser_reset)
  (net 17 "Net-(SHIELD1-Pad6)")
  (net 18 /~laser_standby)
  (net 19 /~SHDN)
  (net 20 "Net-(SHIELD1-Pad9)")
  (net 21 /~CS)
  (net 22 /MOSI)
  (net 23 "Net-(SHIELD1-Pad12)")
  (net 24 /SCK)
  (net 25 "Net-(SHIELD1-PadAREF)")
  (net 26 /5v)
  (net 27 "Net-(SHIELD1-PadSDA)")
  (net 28 "Net-(SHIELD1-PadSCL)")
  (net 29 "Net-(SHIELD1-PadIO_R)")
  (net 30 "Net-(SHIELD1-PadNC)")
  (net 31 "Net-(SHIELD1-PadSP1)")
  (net 32 "Net-(SHIELD1-PadSP2)")
  (net 33 "Net-(SHIELD1-PadSP3)")
  (net 34 "Net-(SHIELD1-PadSP4)")
  (net 35 "Net-(SHIELD1-PadSP5)")
  (net 36 "Net-(SHIELD1-PadSP6)")
  (net 37 /chip_addr2)
  (net 38 "Net-(C3-Pad1)")
  (net 39 /chip_addr0)
  (net 40 /chip_addr1)
  (net 41 /AVSS)
  (net 42 "Net-(C7-Pad2)")
  (net 43 /PD)
  (net 44 "Net-(Q1-Pad5)")
  (net 45 /LD)
  (net 46 /RSN)
  (net 47 /IOUT)
  (net 48 "Net-(Q1-Pad2)")
  (net 49 "Net-(Q1-Pad1)")
  (net 50 /4.096_VREF)
  (net 51 "Net-(U3-Pad1)")
  (net 52 "Net-(U3-Pad3)")
  (net 53 "Net-(U3-Pad5)")
  (net 54 "Net-(U3-Pad7)")
  (net 55 "Net-(U3-Pad8)")
  (net 56 "Net-(U1-Pad3)")
  (net 57 "Net-(U1-Pad6)")
  (net 58 "Net-(U1-Pad9)")
  (net 59 "Net-(U1-Pad13)")
  (net 60 "Net-(U1-Pad17)")
  (net 61 "Net-(C12-Pad1)")
  (net 62 "Net-(D2-Pad1)")
  (net 63 "Net-(D1-Pad1)")

  (net_class Default "This is the default net class."
    (clearance 0.2)
    (trace_width 0.25)
    (via_dia 0.8)
    (via_drill 0.4)
    (uvia_dia 0.3)
    (uvia_drill 0.1)
    (add_net /ADDR0)
    (add_net /ADDR1)
    (add_net /ADDR2)
    (add_net /MOSI)
    (add_net /RSN)
    (add_net /SCK)
    (add_net /chip_addr0)
    (add_net /chip_addr1)
    (add_net /chip_addr2)
    (add_net /~CS)
    (add_net /~SHDN)
    (add_net /~laser_reset)
    (add_net /~laser_standby)
    (add_net "Net-(C3-Pad1)")
    (add_net "Net-(D1-Pad1)")
    (add_net "Net-(D2-Pad1)")
    (add_net "Net-(Q1-Pad1)")
    (add_net "Net-(Q1-Pad2)")
    (add_net "Net-(Q1-Pad5)")
    (add_net "Net-(SHIELD1-Pad0)")
    (add_net "Net-(SHIELD1-Pad1)")
    (add_net "Net-(SHIELD1-Pad12)")
    (add_net "Net-(SHIELD1-Pad6)")
    (add_net "Net-(SHIELD1-Pad9)")
    (add_net "Net-(SHIELD1-PadAD1)")
    (add_net "Net-(SHIELD1-PadAD2)")
    (add_net "Net-(SHIELD1-PadAD3)")
    (add_net "Net-(SHIELD1-PadAD4)")
    (add_net "Net-(SHIELD1-PadAD5)")
    (add_net "Net-(SHIELD1-PadAREF)")
    (add_net "Net-(SHIELD1-PadIO_R)")
    (add_net "Net-(SHIELD1-PadNC)")
    (add_net "Net-(SHIELD1-PadRST)")
    (add_net "Net-(SHIELD1-PadSCL)")
    (add_net "Net-(SHIELD1-PadSDA)")
    (add_net "Net-(SHIELD1-PadSP1)")
    (add_net "Net-(SHIELD1-PadSP2)")
    (add_net "Net-(SHIELD1-PadSP3)")
    (add_net "Net-(SHIELD1-PadSP4)")
    (add_net "Net-(SHIELD1-PadSP5)")
    (add_net "Net-(SHIELD1-PadSP6)")
    (add_net "Net-(SHIELD1-PadV_IN)")
    (add_net "Net-(U1-Pad13)")
    (add_net "Net-(U1-Pad17)")
    (add_net "Net-(U1-Pad3)")
    (add_net "Net-(U1-Pad6)")
    (add_net "Net-(U1-Pad9)")
    (add_net "Net-(U3-Pad1)")
    (add_net "Net-(U3-Pad3)")
    (add_net "Net-(U3-Pad5)")
    (add_net "Net-(U3-Pad7)")
    (add_net "Net-(U3-Pad8)")
  )

  (net_class current_control ""
    (clearance 0.2)
    (trace_width 0.381)
    (via_dia 0.8)
    (via_drill 0.4)
    (uvia_dia 0.3)
    (uvia_drill 0.1)
    (add_net /IOUT)
  )

  (net_class grounds ""
    (clearance 0.2)
    (trace_width 0.508)
    (via_dia 0.8)
    (via_drill 0.4)
    (uvia_dia 0.3)
    (uvia_drill 0.1)
    (add_net /3v3)
    (add_net /4.096_VREF)
    (add_net /5v)
    (add_net /A0)
    (add_net /LD)
    (add_net /PD)
    (add_net Earth)
    (add_net "Net-(C12-Pad1)")
    (add_net "Net-(C7-Pad2)")
  )

  (net_class vias_gndplane ""
    (clearance 0.2)
    (trace_width 0.25)
    (via_dia 0.65)
    (via_drill 0.3)
    (uvia_dia 0.3)
    (uvia_drill 0.1)
    (add_net /AVSS)
  )

  (module freetronics_footprints:ARDUINO_SHIELD locked (layer F.Cu) (tedit 592192E8) (tstamp 5923B231)
    (at 116.166173 124.630349)
    (descr http://www.thingiverse.com/thing:9630)
    (path /5919FE34)
    (fp_text reference SHIELD1 (at 22.390827 -46.652349) (layer Cmts.User) hide
      (effects (font (size 1.524 1.524) (thickness 0.3048)))
    )
    (fp_text value ARDUINO_SHIELD (at 10.16 -54.61) (layer F.SilkS) hide
      (effects (font (size 1.524 1.524) (thickness 0.3048)))
    )
    (fp_line (start 66.04 -2.54) (end 66.04 0) (layer Cmts.User) (width 0.381))
    (fp_line (start 68.58 -5.08) (end 66.04 -2.54) (layer Cmts.User) (width 0.381))
    (fp_line (start 68.58 -38.1) (end 68.58 -5.08) (layer Cmts.User) (width 0.381))
    (fp_line (start 66.04 -40.64) (end 68.58 -38.1) (layer Cmts.User) (width 0.381))
    (fp_line (start 0 0) (end 0 -53.34) (layer Cmts.User) (width 0.381))
    (fp_line (start 66.04 0) (end 0 0) (layer Cmts.User) (width 0.381))
    (fp_line (start 64.77 -53.34) (end 0 -53.34) (layer Cmts.User) (width 0.381))
    (fp_line (start 66.04 -52.07) (end 64.77 -53.34) (layer Cmts.User) (width 0.381))
    (fp_line (start 66.04 -40.64) (end 66.04 -52.07) (layer Cmts.User) (width 0.381))
    (pad SP6 thru_hole circle (at 66.04 -25.4 90) (size 1.524 1.524) (drill 1.016) (layers *.Cu *.Mask F.SilkS)
      (net 36 "Net-(SHIELD1-PadSP6)"))
    (pad SP5 thru_hole circle (at 63.5 -25.4 90) (size 1.524 1.524) (drill 1.016) (layers *.Cu *.Mask F.SilkS)
      (net 35 "Net-(SHIELD1-PadSP5)"))
    (pad SP4 thru_hole circle (at 66.04 -27.94 90) (size 1.524 1.524) (drill 1.016) (layers *.Cu *.Mask F.SilkS)
      (net 34 "Net-(SHIELD1-PadSP4)"))
    (pad SP3 thru_hole circle (at 63.5 -27.94 90) (size 1.524 1.524) (drill 1.016) (layers *.Cu *.Mask F.SilkS)
      (net 33 "Net-(SHIELD1-PadSP3)"))
    (pad SP2 thru_hole circle (at 66.04 -30.48 90) (size 1.524 1.524) (drill 1.016) (layers *.Cu *.Mask F.SilkS)
      (net 32 "Net-(SHIELD1-PadSP2)"))
    (pad SP1 thru_hole circle (at 63.5 -30.48 90) (size 1.524 1.524) (drill 1.016) (layers *.Cu *.Mask F.SilkS)
      (net 31 "Net-(SHIELD1-PadSP1)"))
    (pad NC thru_hole oval (at 27.94 -2.54 90) (size 2.54 1.524) (drill 1.016) (layers *.Cu *.Mask F.SilkS)
      (net 30 "Net-(SHIELD1-PadNC)"))
    (pad IO_R thru_hole oval (at 30.48 -2.54 90) (size 2.54 1.524) (drill 1.016) (layers *.Cu *.Mask F.SilkS)
      (net 29 "Net-(SHIELD1-PadIO_R)"))
    (pad SCL thru_hole oval (at 18.796 -50.8 90) (size 2.54 1.524) (drill 1.016) (layers *.Cu *.Mask F.SilkS)
      (net 28 "Net-(SHIELD1-PadSCL)"))
    (pad SDA thru_hole oval (at 21.336 -50.8 90) (size 2.54 1.524) (drill 1.016) (layers *.Cu *.Mask F.SilkS)
      (net 27 "Net-(SHIELD1-PadSDA)"))
    (pad "" np_thru_hole circle (at 13.97 -2.54 90) (size 3.175 3.175) (drill 3.175) (layers *.Cu *.Mask F.SilkS))
    (pad "" np_thru_hole circle (at 15.24 -50.8 90) (size 3.175 3.175) (drill 3.175) (layers *.Cu *.Mask F.SilkS))
    (pad "" np_thru_hole circle (at 66.04 -35.56 90) (size 3.175 3.175) (drill 3.175) (layers *.Cu *.Mask F.SilkS))
    (pad "" np_thru_hole circle (at 66.04 -7.62 90) (size 3.175 3.175) (drill 3.175) (layers *.Cu *.Mask F.SilkS))
    (pad 5V thru_hole oval (at 38.1 -2.54 90) (size 2.54 1.524) (drill 1.016) (layers *.Cu *.Mask F.SilkS)
      (net 26 /5v))
    (pad AREF thru_hole oval (at 23.876 -50.8 90) (size 2.54 1.524) (drill 1.016) (layers *.Cu *.Mask F.SilkS)
      (net 25 "Net-(SHIELD1-PadAREF)"))
    (pad GND3 thru_hole oval (at 26.416 -50.8 90) (size 2.54 1.524) (drill 1.016) (layers *.Cu *.Mask F.SilkS)
      (net 8 Earth))
    (pad 13 thru_hole oval (at 28.956 -50.8 90) (size 2.54 1.524) (drill 1.016) (layers *.Cu *.Mask F.SilkS)
      (net 24 /SCK))
    (pad 12 thru_hole oval (at 31.496 -50.8 90) (size 2.54 1.524) (drill 1.016) (layers *.Cu *.Mask F.SilkS)
      (net 23 "Net-(SHIELD1-Pad12)"))
    (pad 11 thru_hole oval (at 34.036 -50.8 90) (size 2.54 1.524) (drill 1.016) (layers *.Cu *.Mask F.SilkS)
      (net 22 /MOSI))
    (pad 10 thru_hole oval (at 36.576 -50.8 90) (size 2.54 1.524) (drill 1.016) (layers *.Cu *.Mask F.SilkS)
      (net 21 /~CS))
    (pad 9 thru_hole oval (at 39.116 -50.8 90) (size 2.54 1.524) (drill 1.016) (layers *.Cu *.Mask F.SilkS)
      (net 20 "Net-(SHIELD1-Pad9)"))
    (pad 8 thru_hole oval (at 41.656 -50.8 90) (size 2.54 1.524) (drill 1.016) (layers *.Cu *.Mask F.SilkS)
      (net 19 /~SHDN))
    (pad 7 thru_hole oval (at 45.72 -50.8 90) (size 2.54 1.524) (drill 1.016) (layers *.Cu *.Mask F.SilkS)
      (net 18 /~laser_standby))
    (pad 6 thru_hole oval (at 48.26 -50.8 90) (size 2.54 1.524) (drill 1.016) (layers *.Cu *.Mask F.SilkS)
      (net 17 "Net-(SHIELD1-Pad6)"))
    (pad 5 thru_hole oval (at 50.8 -50.8 90) (size 2.54 1.524) (drill 1.016) (layers *.Cu *.Mask F.SilkS)
      (net 16 /~laser_reset))
    (pad 4 thru_hole oval (at 53.34 -50.8 90) (size 2.54 1.524) (drill 1.016) (layers *.Cu *.Mask F.SilkS)
      (net 15 /ADDR0))
    (pad 3 thru_hole oval (at 55.88 -50.8 90) (size 2.54 1.524) (drill 1.016) (layers *.Cu *.Mask F.SilkS)
      (net 14 /ADDR1))
    (pad 2 thru_hole oval (at 58.42 -50.8 90) (size 2.54 1.524) (drill 1.016) (layers *.Cu *.Mask F.SilkS)
      (net 13 /ADDR2))
    (pad 1 thru_hole oval (at 60.96 -50.8 90) (size 2.54 1.524) (drill 1.016) (layers *.Cu *.Mask F.SilkS)
      (net 12 "Net-(SHIELD1-Pad1)"))
    (pad 0 thru_hole oval (at 63.5 -50.8 90) (size 2.54 1.524) (drill 1.016) (layers *.Cu *.Mask F.SilkS)
      (net 11 "Net-(SHIELD1-Pad0)"))
    (pad RST thru_hole oval (at 33.02 -2.54 90) (size 2.54 1.524) (drill 1.016) (layers *.Cu *.Mask F.SilkS)
      (net 10 "Net-(SHIELD1-PadRST)"))
    (pad 3V3 thru_hole oval (at 35.56 -2.54 90) (size 2.54 1.524) (drill 1.016) (layers *.Cu *.Mask F.SilkS)
      (net 9 /3v3))
    (pad GND1 thru_hole oval (at 40.64 -2.54 90) (size 2.54 1.524) (drill 1.016) (layers *.Cu *.Mask F.SilkS)
      (net 8 Earth))
    (pad GND2 thru_hole oval (at 43.18 -2.54 90) (size 2.54 1.524) (drill 1.016) (layers *.Cu *.Mask F.SilkS)
      (net 8 Earth))
    (pad V_IN thru_hole oval (at 45.72 -2.54 90) (size 2.54 1.524) (drill 1.016) (layers *.Cu *.Mask F.SilkS)
      (net 7 "Net-(SHIELD1-PadV_IN)"))
    (pad AD2 thru_hole oval (at 55.88 -2.54 90) (size 2.54 1.524) (drill 1.016) (layers *.Cu *.Mask F.SilkS)
      (net 6 "Net-(SHIELD1-PadAD2)"))
    (pad AD1 thru_hole oval (at 53.34 -2.54 90) (size 2.54 1.524) (drill 1.016) (layers *.Cu *.Mask F.SilkS)
      (net 5 "Net-(SHIELD1-PadAD1)"))
    (pad AD0 thru_hole oval (at 50.8 -2.54 90) (size 2.54 1.524) (drill 1.016) (layers *.Cu *.Mask F.SilkS)
      (net 4 /A0))
    (pad AD3 thru_hole oval (at 58.42 -2.54 90) (size 2.54 1.524) (drill 1.016) (layers *.Cu *.Mask F.SilkS)
      (net 3 "Net-(SHIELD1-PadAD3)"))
    (pad AD4 thru_hole oval (at 60.96 -2.54 90) (size 2.54 1.524) (drill 1.016) (layers *.Cu *.Mask F.SilkS)
      (net 2 "Net-(SHIELD1-PadAD4)"))
    (pad AD5 thru_hole oval (at 63.5 -2.54 90) (size 2.54 1.524) (drill 1.016) (layers *.Cu *.Mask F.SilkS)
      (net 1 "Net-(SHIELD1-PadAD5)"))
    (model "${KIPRJMOD}/3d_models/pin header 1x3 and jumper.stp"
      (offset (xyz 66 28 0))
      (scale (xyz 1 1 1))
      (rotate (xyz 0 0 90))
    )
    (model "${KIPRJMOD}/3d_models/pin header 1x3 and jumper.stp"
      (offset (xyz 63.5 28 0))
      (scale (xyz 1 1 1))
      (rotate (xyz 0 0 90))
    )
    (model "${KIPRJMOD}/3d_models/Pin Header 1x8 TH Pitch 2.54mm.stp"
      (offset (xyz 28 2.5 2))
      (scale (xyz 1 1 1))
      (rotate (xyz 180 0 0))
    )
    (model "${KIPRJMOD}/3d_models/Pin Header 1x6 TH Pitch 2.54mm.stp"
      (offset (xyz 51 2.5 2))
      (scale (xyz 1 1 1))
      (rotate (xyz 180 0 0))
    )
    (model "${KIPRJMOD}/3d_models/Pin Header 1x8 TH Pitch 2.54mm.stp"
      (offset (xyz 46 51 2))
      (scale (xyz 1 1 1))
      (rotate (xyz 180 0 0))
    )
    (model "${KIPRJMOD}/3d_models/Pin Header 1x10 TH Pitch 2.54mm.stp"
      (offset (xyz 18.8 51 2))
      (scale (xyz 1 1 1))
      (rotate (xyz 180 0 0))
    )
  )

  (module Capacitor_SMD:C_0603_1608Metric (layer F.Cu) (tedit 5B301BBE) (tstamp 5923B6C5)
    (at 161.417 92.456 180)
    (descr "Capacitor SMD 0603 (1608 Metric), square (rectangular) end terminal, IPC_7351 nominal, (Body size source: http://www.tortai-tech.com/upload/download/2011102023233369053.pdf), generated with kicad-footprint-generator")
    (tags capacitor)
    (path /591C3B82)
    (attr smd)
    (fp_text reference C1 (at 0 -1.43) (layer F.SilkS)
      (effects (font (size 1 1) (thickness 0.15)))
    )
    (fp_text value 0.1uF (at 0 1.43) (layer F.Fab)
      (effects (font (size 1 1) (thickness 0.15)))
    )
    (fp_text user %R (at 0 0) (layer F.Fab)
      (effects (font (size 0.4 0.4) (thickness 0.06)))
    )
    (fp_line (start 1.48 0.73) (end -1.48 0.73) (layer F.CrtYd) (width 0.05))
    (fp_line (start 1.48 -0.73) (end 1.48 0.73) (layer F.CrtYd) (width 0.05))
    (fp_line (start -1.48 -0.73) (end 1.48 -0.73) (layer F.CrtYd) (width 0.05))
    (fp_line (start -1.48 0.73) (end -1.48 -0.73) (layer F.CrtYd) (width 0.05))
    (fp_line (start -0.162779 0.51) (end 0.162779 0.51) (layer F.SilkS) (width 0.12))
    (fp_line (start -0.162779 -0.51) (end 0.162779 -0.51) (layer F.SilkS) (width 0.12))
    (fp_line (start 0.8 0.4) (end -0.8 0.4) (layer F.Fab) (width 0.1))
    (fp_line (start 0.8 -0.4) (end 0.8 0.4) (layer F.Fab) (width 0.1))
    (fp_line (start -0.8 -0.4) (end 0.8 -0.4) (layer F.Fab) (width 0.1))
    (fp_line (start -0.8 0.4) (end -0.8 -0.4) (layer F.Fab) (width 0.1))
    (pad 2 smd roundrect (at 0.7875 0 180) (size 0.875 0.95) (layers F.Cu F.Paste F.Mask) (roundrect_rratio 0.25)
      (net 8 Earth))
    (pad 1 smd roundrect (at -0.7875 0 180) (size 0.875 0.95) (layers F.Cu F.Paste F.Mask) (roundrect_rratio 0.25)
      (net 26 /5v))
    (model ${KISYS3DMOD}/Capacitor_SMD.3dshapes/C_0603_1608Metric.wrl
      (at (xyz 0 0 0))
      (scale (xyz 1 1 1))
      (rotate (xyz 0 0 0))
    )
  )

  (module Capacitor_SMD:C_0603_1608Metric (layer B.Cu) (tedit 5B301BBE) (tstamp 5923B807)
    (at 157.861 98.552 180)
    (descr "Capacitor SMD 0603 (1608 Metric), square (rectangular) end terminal, IPC_7351 nominal, (Body size source: http://www.tortai-tech.com/upload/download/2011102023233369053.pdf), generated with kicad-footprint-generator")
    (tags capacitor)
    (path /591D6A0E)
    (attr smd)
    (fp_text reference C2 (at 0 1.43) (layer B.SilkS)
      (effects (font (size 1 1) (thickness 0.15)) (justify mirror))
    )
    (fp_text value 0.1uF (at 0 -1.43) (layer B.Fab)
      (effects (font (size 1 1) (thickness 0.15)) (justify mirror))
    )
    (fp_text user %R (at 0 0) (layer B.Fab)
      (effects (font (size 0.4 0.4) (thickness 0.06)) (justify mirror))
    )
    (fp_line (start 1.48 -0.73) (end -1.48 -0.73) (layer B.CrtYd) (width 0.05))
    (fp_line (start 1.48 0.73) (end 1.48 -0.73) (layer B.CrtYd) (width 0.05))
    (fp_line (start -1.48 0.73) (end 1.48 0.73) (layer B.CrtYd) (width 0.05))
    (fp_line (start -1.48 -0.73) (end -1.48 0.73) (layer B.CrtYd) (width 0.05))
    (fp_line (start -0.162779 -0.51) (end 0.162779 -0.51) (layer B.SilkS) (width 0.12))
    (fp_line (start -0.162779 0.51) (end 0.162779 0.51) (layer B.SilkS) (width 0.12))
    (fp_line (start 0.8 -0.4) (end -0.8 -0.4) (layer B.Fab) (width 0.1))
    (fp_line (start 0.8 0.4) (end 0.8 -0.4) (layer B.Fab) (width 0.1))
    (fp_line (start -0.8 0.4) (end 0.8 0.4) (layer B.Fab) (width 0.1))
    (fp_line (start -0.8 -0.4) (end -0.8 0.4) (layer B.Fab) (width 0.1))
    (pad 2 smd roundrect (at 0.7875 0 180) (size 0.875 0.95) (layers B.Cu B.Paste B.Mask) (roundrect_rratio 0.25)
      (net 8 Earth))
    (pad 1 smd roundrect (at -0.7875 0 180) (size 0.875 0.95) (layers B.Cu B.Paste B.Mask) (roundrect_rratio 0.25)
      (net 26 /5v))
    (model ${KISYS3DMOD}/Capacitor_SMD.3dshapes/C_0603_1608Metric.wrl
      (at (xyz 0 0 0))
      (scale (xyz 1 1 1))
      (rotate (xyz 0 0 0))
    )
  )

  (module Capacitor_SMD:C_0603_1608Metric (layer F.Cu) (tedit 5B301BBE) (tstamp 5923B6F3)
    (at 169.799 97.917)
    (descr "Capacitor SMD 0603 (1608 Metric), square (rectangular) end terminal, IPC_7351 nominal, (Body size source: http://www.tortai-tech.com/upload/download/2011102023233369053.pdf), generated with kicad-footprint-generator")
    (tags capacitor)
    (path /591C4BB6)
    (attr smd)
    (fp_text reference C3 (at 0 -1.43) (layer F.SilkS)
      (effects (font (size 1 1) (thickness 0.15)))
    )
    (fp_text value 0.1uF (at 0 1.43) (layer F.Fab)
      (effects (font (size 1 1) (thickness 0.15)))
    )
    (fp_text user %R (at 0 0) (layer F.Fab)
      (effects (font (size 0.4 0.4) (thickness 0.06)))
    )
    (fp_line (start 1.48 0.73) (end -1.48 0.73) (layer F.CrtYd) (width 0.05))
    (fp_line (start 1.48 -0.73) (end 1.48 0.73) (layer F.CrtYd) (width 0.05))
    (fp_line (start -1.48 -0.73) (end 1.48 -0.73) (layer F.CrtYd) (width 0.05))
    (fp_line (start -1.48 0.73) (end -1.48 -0.73) (layer F.CrtYd) (width 0.05))
    (fp_line (start -0.162779 0.51) (end 0.162779 0.51) (layer F.SilkS) (width 0.12))
    (fp_line (start -0.162779 -0.51) (end 0.162779 -0.51) (layer F.SilkS) (width 0.12))
    (fp_line (start 0.8 0.4) (end -0.8 0.4) (layer F.Fab) (width 0.1))
    (fp_line (start 0.8 -0.4) (end 0.8 0.4) (layer F.Fab) (width 0.1))
    (fp_line (start -0.8 -0.4) (end 0.8 -0.4) (layer F.Fab) (width 0.1))
    (fp_line (start -0.8 0.4) (end -0.8 -0.4) (layer F.Fab) (width 0.1))
    (pad 2 smd roundrect (at 0.7875 0) (size 0.875 0.95) (layers F.Cu F.Paste F.Mask) (roundrect_rratio 0.25)
      (net 8 Earth))
    (pad 1 smd roundrect (at -0.7875 0) (size 0.875 0.95) (layers F.Cu F.Paste F.Mask) (roundrect_rratio 0.25)
      (net 38 "Net-(C3-Pad1)"))
    (model ${KISYS3DMOD}/Capacitor_SMD.3dshapes/C_0603_1608Metric.wrl
      (at (xyz 0 0 0))
      (scale (xyz 1 1 1))
      (rotate (xyz 0 0 0))
    )
  )

  (module Capacitor_SMD:C_0603_1608Metric (layer F.Cu) (tedit 5B301BBE) (tstamp 5923B721)
    (at 166.878 92.456)
    (descr "Capacitor SMD 0603 (1608 Metric), square (rectangular) end terminal, IPC_7351 nominal, (Body size source: http://www.tortai-tech.com/upload/download/2011102023233369053.pdf), generated with kicad-footprint-generator")
    (tags capacitor)
    (path /591C8F57)
    (attr smd)
    (fp_text reference C4 (at 0 -1.43) (layer F.SilkS)
      (effects (font (size 1 1) (thickness 0.15)))
    )
    (fp_text value 0.1uF (at 0 1.43) (layer F.Fab)
      (effects (font (size 1 1) (thickness 0.15)))
    )
    (fp_text user %R (at 0 0) (layer F.Fab)
      (effects (font (size 0.4 0.4) (thickness 0.06)))
    )
    (fp_line (start 1.48 0.73) (end -1.48 0.73) (layer F.CrtYd) (width 0.05))
    (fp_line (start 1.48 -0.73) (end 1.48 0.73) (layer F.CrtYd) (width 0.05))
    (fp_line (start -1.48 -0.73) (end 1.48 -0.73) (layer F.CrtYd) (width 0.05))
    (fp_line (start -1.48 0.73) (end -1.48 -0.73) (layer F.CrtYd) (width 0.05))
    (fp_line (start -0.162779 0.51) (end 0.162779 0.51) (layer F.SilkS) (width 0.12))
    (fp_line (start -0.162779 -0.51) (end 0.162779 -0.51) (layer F.SilkS) (width 0.12))
    (fp_line (start 0.8 0.4) (end -0.8 0.4) (layer F.Fab) (width 0.1))
    (fp_line (start 0.8 -0.4) (end 0.8 0.4) (layer F.Fab) (width 0.1))
    (fp_line (start -0.8 -0.4) (end 0.8 -0.4) (layer F.Fab) (width 0.1))
    (fp_line (start -0.8 0.4) (end -0.8 -0.4) (layer F.Fab) (width 0.1))
    (pad 2 smd roundrect (at 0.7875 0) (size 0.875 0.95) (layers F.Cu F.Paste F.Mask) (roundrect_rratio 0.25)
      (net 8 Earth))
    (pad 1 smd roundrect (at -0.7875 0) (size 0.875 0.95) (layers F.Cu F.Paste F.Mask) (roundrect_rratio 0.25)
      (net 50 /4.096_VREF))
    (model ${KISYS3DMOD}/Capacitor_SMD.3dshapes/C_0603_1608Metric.wrl
      (at (xyz 0 0 0))
      (scale (xyz 1 1 1))
      (rotate (xyz 0 0 0))
    )
  )

  (module Capacitor_SMD:C_0603_1608Metric (layer F.Cu) (tedit 5B301BBE) (tstamp 5923B74F)
    (at 157.48 93.853 90)
    (descr "Capacitor SMD 0603 (1608 Metric), square (rectangular) end terminal, IPC_7351 nominal, (Body size source: http://www.tortai-tech.com/upload/download/2011102023233369053.pdf), generated with kicad-footprint-generator")
    (tags capacitor)
    (path /591D8E08)
    (attr smd)
    (fp_text reference C5 (at 0 -1.43 90) (layer F.SilkS)
      (effects (font (size 1 1) (thickness 0.15)))
    )
    (fp_text value 0.1uF (at 0 1.43 90) (layer F.Fab)
      (effects (font (size 1 1) (thickness 0.15)))
    )
    (fp_text user %R (at 0 0 90) (layer F.Fab)
      (effects (font (size 0.4 0.4) (thickness 0.06)))
    )
    (fp_line (start 1.48 0.73) (end -1.48 0.73) (layer F.CrtYd) (width 0.05))
    (fp_line (start 1.48 -0.73) (end 1.48 0.73) (layer F.CrtYd) (width 0.05))
    (fp_line (start -1.48 -0.73) (end 1.48 -0.73) (layer F.CrtYd) (width 0.05))
    (fp_line (start -1.48 0.73) (end -1.48 -0.73) (layer F.CrtYd) (width 0.05))
    (fp_line (start -0.162779 0.51) (end 0.162779 0.51) (layer F.SilkS) (width 0.12))
    (fp_line (start -0.162779 -0.51) (end 0.162779 -0.51) (layer F.SilkS) (width 0.12))
    (fp_line (start 0.8 0.4) (end -0.8 0.4) (layer F.Fab) (width 0.1))
    (fp_line (start 0.8 -0.4) (end 0.8 0.4) (layer F.Fab) (width 0.1))
    (fp_line (start -0.8 -0.4) (end 0.8 -0.4) (layer F.Fab) (width 0.1))
    (fp_line (start -0.8 0.4) (end -0.8 -0.4) (layer F.Fab) (width 0.1))
    (pad 2 smd roundrect (at 0.7875 0 90) (size 0.875 0.95) (layers F.Cu F.Paste F.Mask) (roundrect_rratio 0.25)
      (net 8 Earth))
    (pad 1 smd roundrect (at -0.7875 0 90) (size 0.875 0.95) (layers F.Cu F.Paste F.Mask) (roundrect_rratio 0.25)
      (net 26 /5v))
    (model ${KISYS3DMOD}/Capacitor_SMD.3dshapes/C_0603_1608Metric.wrl
      (at (xyz 0 0 0))
      (scale (xyz 1 1 1))
      (rotate (xyz 0 0 0))
    )
  )

  (module Capacitor_SMD:C_0603_1608Metric (layer F.Cu) (tedit 5B301BBE) (tstamp 5923B77D)
    (at 169.799 94.742)
    (descr "Capacitor SMD 0603 (1608 Metric), square (rectangular) end terminal, IPC_7351 nominal, (Body size source: http://www.tortai-tech.com/upload/download/2011102023233369053.pdf), generated with kicad-footprint-generator")
    (tags capacitor)
    (path /591CA8F6)
    (attr smd)
    (fp_text reference C6 (at 0 -1.43) (layer F.SilkS)
      (effects (font (size 1 1) (thickness 0.15)))
    )
    (fp_text value 0.1uF (at 0 1.43) (layer F.Fab)
      (effects (font (size 1 1) (thickness 0.15)))
    )
    (fp_text user %R (at 0 0) (layer F.Fab)
      (effects (font (size 0.4 0.4) (thickness 0.06)))
    )
    (fp_line (start 1.48 0.73) (end -1.48 0.73) (layer F.CrtYd) (width 0.05))
    (fp_line (start 1.48 -0.73) (end 1.48 0.73) (layer F.CrtYd) (width 0.05))
    (fp_line (start -1.48 -0.73) (end 1.48 -0.73) (layer F.CrtYd) (width 0.05))
    (fp_line (start -1.48 0.73) (end -1.48 -0.73) (layer F.CrtYd) (width 0.05))
    (fp_line (start -0.162779 0.51) (end 0.162779 0.51) (layer F.SilkS) (width 0.12))
    (fp_line (start -0.162779 -0.51) (end 0.162779 -0.51) (layer F.SilkS) (width 0.12))
    (fp_line (start 0.8 0.4) (end -0.8 0.4) (layer F.Fab) (width 0.1))
    (fp_line (start 0.8 -0.4) (end 0.8 0.4) (layer F.Fab) (width 0.1))
    (fp_line (start -0.8 -0.4) (end 0.8 -0.4) (layer F.Fab) (width 0.1))
    (fp_line (start -0.8 0.4) (end -0.8 -0.4) (layer F.Fab) (width 0.1))
    (pad 2 smd roundrect (at 0.7875 0) (size 0.875 0.95) (layers F.Cu F.Paste F.Mask) (roundrect_rratio 0.25)
      (net 8 Earth))
    (pad 1 smd roundrect (at -0.7875 0) (size 0.875 0.95) (layers F.Cu F.Paste F.Mask) (roundrect_rratio 0.25)
      (net 41 /AVSS))
    (model ${KISYS3DMOD}/Capacitor_SMD.3dshapes/C_0603_1608Metric.wrl
      (at (xyz 0 0 0))
      (scale (xyz 1 1 1))
      (rotate (xyz 0 0 0))
    )
  )

  (module Capacitor_SMD:C_0603_1608Metric (layer F.Cu) (tedit 5B301BBE) (tstamp 5923B697)
    (at 141.732 92.329)
    (descr "Capacitor SMD 0603 (1608 Metric), square (rectangular) end terminal, IPC_7351 nominal, (Body size source: http://www.tortai-tech.com/upload/download/2011102023233369053.pdf), generated with kicad-footprint-generator")
    (tags capacitor)
    (path /591DFDB3)
    (attr smd)
    (fp_text reference C7 (at 0 -1.43) (layer F.SilkS)
      (effects (font (size 1 1) (thickness 0.15)))
    )
    (fp_text value 0.1uF (at 0 1.43) (layer F.Fab)
      (effects (font (size 1 1) (thickness 0.15)))
    )
    (fp_text user %R (at 0 0) (layer F.Fab)
      (effects (font (size 0.4 0.4) (thickness 0.06)))
    )
    (fp_line (start 1.48 0.73) (end -1.48 0.73) (layer F.CrtYd) (width 0.05))
    (fp_line (start 1.48 -0.73) (end 1.48 0.73) (layer F.CrtYd) (width 0.05))
    (fp_line (start -1.48 -0.73) (end 1.48 -0.73) (layer F.CrtYd) (width 0.05))
    (fp_line (start -1.48 0.73) (end -1.48 -0.73) (layer F.CrtYd) (width 0.05))
    (fp_line (start -0.162779 0.51) (end 0.162779 0.51) (layer F.SilkS) (width 0.12))
    (fp_line (start -0.162779 -0.51) (end 0.162779 -0.51) (layer F.SilkS) (width 0.12))
    (fp_line (start 0.8 0.4) (end -0.8 0.4) (layer F.Fab) (width 0.1))
    (fp_line (start 0.8 -0.4) (end 0.8 0.4) (layer F.Fab) (width 0.1))
    (fp_line (start -0.8 -0.4) (end 0.8 -0.4) (layer F.Fab) (width 0.1))
    (fp_line (start -0.8 0.4) (end -0.8 -0.4) (layer F.Fab) (width 0.1))
    (pad 2 smd roundrect (at 0.7875 0) (size 0.875 0.95) (layers F.Cu F.Paste F.Mask) (roundrect_rratio 0.25)
      (net 42 "Net-(C7-Pad2)"))
    (pad 1 smd roundrect (at -0.7875 0) (size 0.875 0.95) (layers F.Cu F.Paste F.Mask) (roundrect_rratio 0.25)
      (net 8 Earth))
    (model ${KISYS3DMOD}/Capacitor_SMD.3dshapes/C_0603_1608Metric.wrl
      (at (xyz 0 0 0))
      (scale (xyz 1 1 1))
      (rotate (xyz 0 0 0))
    )
  )

  (module Capacitor_SMD:C_0603_1608Metric (layer F.Cu) (tedit 5B301BBE) (tstamp 5923B669)
    (at 162.56 115.062 270)
    (descr "Capacitor SMD 0603 (1608 Metric), square (rectangular) end terminal, IPC_7351 nominal, (Body size source: http://www.tortai-tech.com/upload/download/2011102023233369053.pdf), generated with kicad-footprint-generator")
    (tags capacitor)
    (path /591C4360)
    (attr smd)
    (fp_text reference C8 (at 0 -1.43 90) (layer F.SilkS)
      (effects (font (size 1 1) (thickness 0.15)))
    )
    (fp_text value 22uF (at 0 1.43 90) (layer F.Fab)
      (effects (font (size 1 1) (thickness 0.15)))
    )
    (fp_text user %R (at 0 0 90) (layer F.Fab)
      (effects (font (size 0.4 0.4) (thickness 0.06)))
    )
    (fp_line (start 1.48 0.73) (end -1.48 0.73) (layer F.CrtYd) (width 0.05))
    (fp_line (start 1.48 -0.73) (end 1.48 0.73) (layer F.CrtYd) (width 0.05))
    (fp_line (start -1.48 -0.73) (end 1.48 -0.73) (layer F.CrtYd) (width 0.05))
    (fp_line (start -1.48 0.73) (end -1.48 -0.73) (layer F.CrtYd) (width 0.05))
    (fp_line (start -0.162779 0.51) (end 0.162779 0.51) (layer F.SilkS) (width 0.12))
    (fp_line (start -0.162779 -0.51) (end 0.162779 -0.51) (layer F.SilkS) (width 0.12))
    (fp_line (start 0.8 0.4) (end -0.8 0.4) (layer F.Fab) (width 0.1))
    (fp_line (start 0.8 -0.4) (end 0.8 0.4) (layer F.Fab) (width 0.1))
    (fp_line (start -0.8 -0.4) (end 0.8 -0.4) (layer F.Fab) (width 0.1))
    (fp_line (start -0.8 0.4) (end -0.8 -0.4) (layer F.Fab) (width 0.1))
    (pad 2 smd roundrect (at 0.7875 0 270) (size 0.875 0.95) (layers F.Cu F.Paste F.Mask) (roundrect_rratio 0.25)
      (net 8 Earth))
    (pad 1 smd roundrect (at -0.7875 0 270) (size 0.875 0.95) (layers F.Cu F.Paste F.Mask) (roundrect_rratio 0.25)
      (net 41 /AVSS))
    (model ${KISYS3DMOD}/Capacitor_SMD.3dshapes/C_0603_1608Metric.wrl
      (at (xyz 0 0 0))
      (scale (xyz 1 1 1))
      (rotate (xyz 0 0 0))
    )
  )

  (module Capacitor_SMD:C_0603_1608Metric (layer F.Cu) (tedit 5B301BBE) (tstamp 5923B63B)
    (at 150.495 116.2125 270)
    (descr "Capacitor SMD 0603 (1608 Metric), square (rectangular) end terminal, IPC_7351 nominal, (Body size source: http://www.tortai-tech.com/upload/download/2011102023233369053.pdf), generated with kicad-footprint-generator")
    (tags capacitor)
    (path /591CDD86)
    (attr smd)
    (fp_text reference C9 (at 0 -1.43 90) (layer F.SilkS)
      (effects (font (size 1 1) (thickness 0.15)))
    )
    (fp_text value 22uF (at 0 1.43 90) (layer F.Fab)
      (effects (font (size 1 1) (thickness 0.15)))
    )
    (fp_text user %R (at 0 0 90) (layer F.Fab)
      (effects (font (size 0.4 0.4) (thickness 0.06)))
    )
    (fp_line (start 1.48 0.73) (end -1.48 0.73) (layer F.CrtYd) (width 0.05))
    (fp_line (start 1.48 -0.73) (end 1.48 0.73) (layer F.CrtYd) (width 0.05))
    (fp_line (start -1.48 -0.73) (end 1.48 -0.73) (layer F.CrtYd) (width 0.05))
    (fp_line (start -1.48 0.73) (end -1.48 -0.73) (layer F.CrtYd) (width 0.05))
    (fp_line (start -0.162779 0.51) (end 0.162779 0.51) (layer F.SilkS) (width 0.12))
    (fp_line (start -0.162779 -0.51) (end 0.162779 -0.51) (layer F.SilkS) (width 0.12))
    (fp_line (start 0.8 0.4) (end -0.8 0.4) (layer F.Fab) (width 0.1))
    (fp_line (start 0.8 -0.4) (end 0.8 0.4) (layer F.Fab) (width 0.1))
    (fp_line (start -0.8 -0.4) (end 0.8 -0.4) (layer F.Fab) (width 0.1))
    (fp_line (start -0.8 0.4) (end -0.8 -0.4) (layer F.Fab) (width 0.1))
    (pad 2 smd roundrect (at 0.7875 0 270) (size 0.875 0.95) (layers F.Cu F.Paste F.Mask) (roundrect_rratio 0.25)
      (net 8 Earth))
    (pad 1 smd roundrect (at -0.7875 0 270) (size 0.875 0.95) (layers F.Cu F.Paste F.Mask) (roundrect_rratio 0.25)
      (net 9 /3v3))
    (model ${KISYS3DMOD}/Capacitor_SMD.3dshapes/C_0603_1608Metric.wrl
      (at (xyz 0 0 0))
      (scale (xyz 1 1 1))
      (rotate (xyz 0 0 0))
    )
  )

  (module Capacitor_SMD:C_0603_1608Metric (layer F.Cu) (tedit 5B301BBE) (tstamp 5923B60D)
    (at 154.9 116.1875 270)
    (descr "Capacitor SMD 0603 (1608 Metric), square (rectangular) end terminal, IPC_7351 nominal, (Body size source: http://www.tortai-tech.com/upload/download/2011102023233369053.pdf), generated with kicad-footprint-generator")
    (tags capacitor)
    (path /591D633E)
    (attr smd)
    (fp_text reference C10 (at 0 -1.43 90) (layer F.SilkS)
      (effects (font (size 1 1) (thickness 0.15)))
    )
    (fp_text value 22uF (at 0 1.43 90) (layer F.Fab)
      (effects (font (size 1 1) (thickness 0.15)))
    )
    (fp_text user %R (at 0 0 90) (layer F.Fab)
      (effects (font (size 0.4 0.4) (thickness 0.06)))
    )
    (fp_line (start 1.48 0.73) (end -1.48 0.73) (layer F.CrtYd) (width 0.05))
    (fp_line (start 1.48 -0.73) (end 1.48 0.73) (layer F.CrtYd) (width 0.05))
    (fp_line (start -1.48 -0.73) (end 1.48 -0.73) (layer F.CrtYd) (width 0.05))
    (fp_line (start -1.48 0.73) (end -1.48 -0.73) (layer F.CrtYd) (width 0.05))
    (fp_line (start -0.162779 0.51) (end 0.162779 0.51) (layer F.SilkS) (width 0.12))
    (fp_line (start -0.162779 -0.51) (end 0.162779 -0.51) (layer F.SilkS) (width 0.12))
    (fp_line (start 0.8 0.4) (end -0.8 0.4) (layer F.Fab) (width 0.1))
    (fp_line (start 0.8 -0.4) (end 0.8 0.4) (layer F.Fab) (width 0.1))
    (fp_line (start -0.8 -0.4) (end 0.8 -0.4) (layer F.Fab) (width 0.1))
    (fp_line (start -0.8 0.4) (end -0.8 -0.4) (layer F.Fab) (width 0.1))
    (pad 2 smd roundrect (at 0.7875 0 270) (size 0.875 0.95) (layers F.Cu F.Paste F.Mask) (roundrect_rratio 0.25)
      (net 8 Earth))
    (pad 1 smd roundrect (at -0.7875 0 270) (size 0.875 0.95) (layers F.Cu F.Paste F.Mask) (roundrect_rratio 0.25)
      (net 26 /5v))
    (model ${KISYS3DMOD}/Capacitor_SMD.3dshapes/C_0603_1608Metric.wrl
      (at (xyz 0 0 0))
      (scale (xyz 1 1 1))
      (rotate (xyz 0 0 0))
    )
  )

  (module Capacitor_SMD:C_0603_1608Metric (layer F.Cu) (tedit 5B301BBE) (tstamp 5923B7AB)
    (at 160.655 86.36 90)
    (descr "Capacitor SMD 0603 (1608 Metric), square (rectangular) end terminal, IPC_7351 nominal, (Body size source: http://www.tortai-tech.com/upload/download/2011102023233369053.pdf), generated with kicad-footprint-generator")
    (tags capacitor)
    (path /591CF24A)
    (attr smd)
    (fp_text reference C11 (at 0 -1.43 90) (layer F.SilkS)
      (effects (font (size 1 1) (thickness 0.15)))
    )
    (fp_text value 0.1uF (at 0 1.43 90) (layer F.Fab)
      (effects (font (size 1 1) (thickness 0.15)))
    )
    (fp_text user %R (at 0 0 90) (layer F.Fab)
      (effects (font (size 0.4 0.4) (thickness 0.06)))
    )
    (fp_line (start 1.48 0.73) (end -1.48 0.73) (layer F.CrtYd) (width 0.05))
    (fp_line (start 1.48 -0.73) (end 1.48 0.73) (layer F.CrtYd) (width 0.05))
    (fp_line (start -1.48 -0.73) (end 1.48 -0.73) (layer F.CrtYd) (width 0.05))
    (fp_line (start -1.48 0.73) (end -1.48 -0.73) (layer F.CrtYd) (width 0.05))
    (fp_line (start -0.162779 0.51) (end 0.162779 0.51) (layer F.SilkS) (width 0.12))
    (fp_line (start -0.162779 -0.51) (end 0.162779 -0.51) (layer F.SilkS) (width 0.12))
    (fp_line (start 0.8 0.4) (end -0.8 0.4) (layer F.Fab) (width 0.1))
    (fp_line (start 0.8 -0.4) (end 0.8 0.4) (layer F.Fab) (width 0.1))
    (fp_line (start -0.8 -0.4) (end 0.8 -0.4) (layer F.Fab) (width 0.1))
    (fp_line (start -0.8 0.4) (end -0.8 -0.4) (layer F.Fab) (width 0.1))
    (pad 2 smd roundrect (at 0.7875 0 90) (size 0.875 0.95) (layers F.Cu F.Paste F.Mask) (roundrect_rratio 0.25)
      (net 8 Earth))
    (pad 1 smd roundrect (at -0.7875 0 90) (size 0.875 0.95) (layers F.Cu F.Paste F.Mask) (roundrect_rratio 0.25)
      (net 26 /5v))
    (model ${KISYS3DMOD}/Capacitor_SMD.3dshapes/C_0603_1608Metric.wrl
      (at (xyz 0 0 0))
      (scale (xyz 1 1 1))
      (rotate (xyz 0 0 0))
    )
  )

  (module Capacitor_SMD:C_0603_1608Metric (layer F.Cu) (tedit 5B301BBE) (tstamp 5923B7D9)
    (at 146.812 100.965)
    (descr "Capacitor SMD 0603 (1608 Metric), square (rectangular) end terminal, IPC_7351 nominal, (Body size source: http://www.tortai-tech.com/upload/download/2011102023233369053.pdf), generated with kicad-footprint-generator")
    (tags capacitor)
    (path /591E07E5)
    (attr smd)
    (fp_text reference C12 (at 0 1.651 180) (layer F.SilkS)
      (effects (font (size 1 1) (thickness 0.15)))
    )
    (fp_text value 82pF (at 0 1.43) (layer F.Fab)
      (effects (font (size 1 1) (thickness 0.15)))
    )
    (fp_text user %R (at 0 0) (layer F.Fab)
      (effects (font (size 0.4 0.4) (thickness 0.06)))
    )
    (fp_line (start 1.48 0.73) (end -1.48 0.73) (layer F.CrtYd) (width 0.05))
    (fp_line (start 1.48 -0.73) (end 1.48 0.73) (layer F.CrtYd) (width 0.05))
    (fp_line (start -1.48 -0.73) (end 1.48 -0.73) (layer F.CrtYd) (width 0.05))
    (fp_line (start -1.48 0.73) (end -1.48 -0.73) (layer F.CrtYd) (width 0.05))
    (fp_line (start -0.162779 0.51) (end 0.162779 0.51) (layer F.SilkS) (width 0.12))
    (fp_line (start -0.162779 -0.51) (end 0.162779 -0.51) (layer F.SilkS) (width 0.12))
    (fp_line (start 0.8 0.4) (end -0.8 0.4) (layer F.Fab) (width 0.1))
    (fp_line (start 0.8 -0.4) (end 0.8 0.4) (layer F.Fab) (width 0.1))
    (fp_line (start -0.8 -0.4) (end 0.8 -0.4) (layer F.Fab) (width 0.1))
    (fp_line (start -0.8 0.4) (end -0.8 -0.4) (layer F.Fab) (width 0.1))
    (pad 2 smd roundrect (at 0.7875 0) (size 0.875 0.95) (layers F.Cu F.Paste F.Mask) (roundrect_rratio 0.25)
      (net 43 /PD))
    (pad 1 smd roundrect (at -0.7875 0) (size 0.875 0.95) (layers F.Cu F.Paste F.Mask) (roundrect_rratio 0.25)
      (net 61 "Net-(C12-Pad1)"))
    (model ${KISYS3DMOD}/Capacitor_SMD.3dshapes/C_0603_1608Metric.wrl
      (at (xyz 0 0 0))
      (scale (xyz 1 1 1))
      (rotate (xyz 0 0 0))
    )
  )

  (module Capacitor_SMD:C_0603_1608Metric (layer F.Cu) (tedit 5B301BBE) (tstamp 592B4D59)
    (at 141.732 94.488 180)
    (descr "Capacitor SMD 0603 (1608 Metric), square (rectangular) end terminal, IPC_7351 nominal, (Body size source: http://www.tortai-tech.com/upload/download/2011102023233369053.pdf), generated with kicad-footprint-generator")
    (tags capacitor)
    (path /592057BF)
    (attr smd)
    (fp_text reference C13 (at 2.286 0 90) (layer F.SilkS)
      (effects (font (size 1 1) (thickness 0.15)))
    )
    (fp_text value 0.1uF (at 0 1.43) (layer F.Fab)
      (effects (font (size 1 1) (thickness 0.15)))
    )
    (fp_text user %R (at 0 0) (layer F.Fab)
      (effects (font (size 0.4 0.4) (thickness 0.06)))
    )
    (fp_line (start 1.48 0.73) (end -1.48 0.73) (layer F.CrtYd) (width 0.05))
    (fp_line (start 1.48 -0.73) (end 1.48 0.73) (layer F.CrtYd) (width 0.05))
    (fp_line (start -1.48 -0.73) (end 1.48 -0.73) (layer F.CrtYd) (width 0.05))
    (fp_line (start -1.48 0.73) (end -1.48 -0.73) (layer F.CrtYd) (width 0.05))
    (fp_line (start -0.162779 0.51) (end 0.162779 0.51) (layer F.SilkS) (width 0.12))
    (fp_line (start -0.162779 -0.51) (end 0.162779 -0.51) (layer F.SilkS) (width 0.12))
    (fp_line (start 0.8 0.4) (end -0.8 0.4) (layer F.Fab) (width 0.1))
    (fp_line (start 0.8 -0.4) (end 0.8 0.4) (layer F.Fab) (width 0.1))
